21
9265
6707
431
5981
172
3118
3738
6471
7120
5976
7062
9567
1042
3558
964
7681
5247
49
4047
6456
4952
8184
3853
2163
7288
7992
7335
470
5598
2169
3301
1706
5057
6863
5765
5869
8683
597
3185
3157
8665
8715
5959
1
6014
2886
982
3460
3450
5556
1237
3159
6786
3749
8718
1904
7318
5168
3075
7275
422
9888
5982
8126
6289
4875
4740
7098
9814
460
7879
8897
1268
9826
1473
8713
570
5429
9750
2362
2497
8033
311
53
3943
1066
6504
7107
9287
425
8969
2972
6273
3044
9257
1662
5944
2246
1551
7680
6512
3903
9549
7415
6732
1934
1240
6283
2738
2933
3220
8461
9788
3408
6287
5453
7870
6209
7332
2595
4439
7847
7436
3578
3923
2949
6778
4856
5046
137
9264
2235
3457
2051
4456
8491
8636
7216
957
2711
5136
219
7977
3482
2037
3421
6996
6227
3082
9042
598
6122
514
5409
6924
4565
7408
2599
9377
7920
4922
6998
5912
9060
4377
5841
459
5873
8032
6896
6429
4932
8487
7889
5856
6851
6020
243
7818
6822
5627
5700
1480
7871
371
4745
5623
6271
1444
335
4938
7089
3282
5716
7900
6162
4668
7611
5564
9668
8451
2834
6146
4948
865
3469
2086
3641
5184
9946
2167
4834
9544
3619
8319
4796
9702
245
4553
2843
4090
2749
316
1178
3270
5150
7532
8507
7948
724
6144
3773
4076
4945
3131
4812
9824
418
1740
9104
8244
3696
653
3485
3219
4826
4983
7462
1429
2506
1991
3907
4
5829
5318
6282
5854
3164
3699
4947
2767
7741
1280
8112
1607
4567
8396
6013
51
3210
5250
5899
4454
3517
6938
125
1509
4552
5884
3108
6611
4315
1811
3062
3349
3465
6927
9493
7141
2720
9391
3197
8217
4517
3311
4969
89
5867
6293
5536
8446
1668
4333
8094
4534
5115
379
5283
5124
6877
4661
4970
2389
7612
9476
5675
2455
8971
253
9466
3050
8454
2340
4278
9926
2285
7514
1175
9364
8961
2743
5468
8486
5819
7684
4640
8302
8593
5646
5527
3560
4021
7138
4971
4209
5158
6702
7950
7375
548
5263
1060
3298
4380
6272
1360
9781
5799
6908
947
5922
99
4340
6576
6113
6540
650
272
6940
8255
7982
5715
2179
6252
2857
8979
1301
2689
178
9992
5375
4063
6912
6371
4524
7722
3706
8188
8174
5586
8957
7731
3843
6930
2289
7764
207
2482
5864
9747
1022
4297
6974
4352
9263
3113
4687
8870
2382
1507
204
4817
6624
6869
5956
9847
4225
9035
5657
1554
7745
8190
2252
9734
4601
7352
633
5141
6855
2564
7609
4146
5265
6480
6969
8298
4512
4407
5362
9944
7504
1084
1371
8360
2003
5979
9262
2487
4242
8836
4353
2881
7376
2203
2983
5637
7559
1942
2973
2156
8016
6191
7172
9173
7437
4503
8538
3660
2534
2324
1020
9677
270
4274
3551
506
6870
4304
1703
9560
740
2020
7465
8954
3865
4120
1835
7163
9821
2418
1914
8076
9589
4256
7409
3742
3351
8741
7274
